2783
8.047523188149256
8.047523188149256
16.350551531812798
1.6888365566030956
10.254456693995133
6.894022697998624
7.210697019986686
6.216288642473961
26.05055582887768
-12.365623398112124
1.2364757655113905
9.341197605640042
5.767125842939008
25.143461203688986
-10.787032455555
7.812871856436088
9.851985171415071
1.262495603408653
4.605631045038141
17.596595764194266
-2.499703817981727
6.7741852934151625
1.877349809064521
1.3984122184028627
2.7398158774672505
2.1105146186473953
2.7398158774672505
10.135123789068354
7.704303613606935
0.5865664936445358
-1.0531218794384718
11.5936603332005
7.908043623664179
10.077826853092867
6.195592133462961
8.973379418663303
1.1479912118060847
3.6919185958905207
7.604314192565458
4.585541280805616
0.6479422755479721
2.24654294442055
2.0672624528505845
2.24654294442055
-0.8848378557259247
12.871741055232018
4.362598505140072
9.346031377207588
0.3799274721589404
0.4571820609051347
8.303028343663689
8.303028343663689
10.589554415417828
9.848763689200137
8.8361892902843
7.444590249734134
8.955121831171915
7.444177630162238
9.210189652127266
9.245190687785373
3.187501704476343
29.799196253128116
-2.372966588080363
4.802165766712694
10.60582145127008
5.950250950104477
1.5633817011862585
11.933436923984925
2.2463233961598252
-1.0249875358888645
9.111537317145824
4.782316357681292
6.041161617568689
-0.21651815989883516
14.46851702574341
6.036865373308364
-0.8418563936070497
-0.6706916575482856
4.757308553629284
5.591011578681611
11.282763528442716
9.193834956475905
-2.705025952397098
-1.0753008734671525
9.242692752808464
3.9688280155319102
5.997215379394375
9.014344095269312
9.615008043273516
7.761674710738528
0.7727437860122328
5.58088542559967
15.359437658085307
0.9625436226595345
-1.1390545925965931
5.304315244184039
2.9461889508879566
9.591088916622732
-0.7919156909377267
5.466999135464786
11.07554658217525
-1.4479756970025828
14.613052627890092
7.592946099971108
-1.935262138229905
-0.8498755432197869
6.426196461291431
9.48810983344041
4.109812005360983
6.5499440403215425
7.375630382908897
4.180031741216986
3.566558253059608
2.4806519456783462
2.3785823240756305
2.4806519456783462
10.44227070433665
11.788870437931038
-0.8438769221770007
-3.5128943770323757
7.409896745494879
14.686114384519808
2.7771330112393278
11.74516241448627
3.7143036160805263
3.277057062544669
4.327530821379857
6.025233166168138
5.713996788405298
8.495258009160551
6.450515111082959
5.803059376907099
3.431388542719715
-2.7612476723206347
3.807716502143962
8.420726827092166
9.510479215269651
10.275887581885053
2.0283394458515036
11.041712126459649
8.30146353296299
-2.3074131206841613
1.3141913110061263
-6.359797462870469
9.959073196873854
8.130912262826625
8.241605340463254
7.80745705875958
5.963267980622546
8.016056301744436
0.5623716680744495
0.6962687649670616
8.257630852042762
4.0070307379067955
10.164519480819758
-1.1585073566661768
5.2615870158718625
7.226087342958382
6.016620510969291
6.442712364651475
5.830587995440474
6.610965130033127
6.870684542212742
-0.4548311157220216
0.7237952859229779
1.648116367923076
5.183874150775174
6.066611530233553
4.7825201053150685
3.8831375303322027
6.707950528160919
4.785635865763391
10.19863947905478
1.2966134836140069
1.3927795928843627
3.621930858069598
8.27020863389043
0.5895586538823455
11.1316186224799
-3.0155540780506787
2.359108798369774
7.655382165899808
4.801236756128951
8.982580576606896
1.0810054049564295
10.43119389974146
12.623803237862187
-4.524871569834474
-0.5411583369440259
8.948545272038302
8.399498953786821
4.515531732214739
8.60857854492684
-1.1655952616614562
7.430387259249044
5.139462660965587
10.621622681405594
7.8989993814509525
1.476525734741987
9.038336175304908
8.610871596787653
7.26303903259988
5.72806933875376
10.049594508949987
-0.9159378435095132
1.019066248226846
5.615135500713119
7.84543069294852
9.363661897747011
5.806209472214313
10.970632798916817
2.2994568963565714
11.476847103386971
12.47197408339746
-1.2544527771029517
-2.0386391070028833
8.491412256275744
-0.32028660532348563
4.05032832931629
4.684579464426746
5.0525872723449075
10.889760800165108
6.44506936482269
7.890961523915643
4.6065260209358545
5.979128045769611
9.038038364233017
7.09330608017053
9.013819361355411
9.783392647783371
5.43730691071545
5.594848489154049
3.4475050920312085
11.075739473954156
8.203632988136324
5.257686694747031
1.0310348524112998
6.361058012517031
0.1636914745952868
7.910553865290524
7.786208145142878
8.29211013728169
8.947569128329832
9.357675999998838
7.340628958355576
8.851561424853543
-1.206649549197377
11.363467718216373
6.245625249315516
-0.5796395613559179
3.521850854863647
7.062207021006916
4.65874660806464
9.150699679439864
6.512835906345221
10.036680648934647
9.067327711085508
0.8097140802250564
8.369082202269917
7.881998279828119
12.410260100409467
9.16516160027405
4.431885878799774
6.243061760419171
9.792459969116914
1.6868007451444986
1.6868007451444986
1.6868007451444986
5.420472864564634
4.78642110244263
4.802215916648264
10.706831076756211
10.974781378583405
4.929150346761155
10.405324594628732
6.562118752830587
4.00129359420046
1.9796312296737346
1.902680444112457
1.3227035835195138
1.902680444112457
9.436820505887784
1.8672346619540179
0.5160339398285336
0.9461592020257648
5.408419116502255
3.601209027349869
3.0531965546898716
2.425494794920397
2.258614684216832
2.425494794920397
9.768524391289422
6.1128678240782115
-0.07790484146434379
5.6191680875017695
11.037312317117442
8.002431352050042
4.483785294028183
6.746659188549163
6.955932455524682
3.100311355917652
0.6513252587556462
14.401700581698087
10.755536331906736
0.3387660265071206
4.043747727152654
7.031348673485881
7.236414629484925
8.46141561397097
1.7646653129583671
-1.0458326073171915
5.423245716794238
6.81376039799271
2.630640975491547
11.354411071107718
4.656913516285378
1.2694130333342726
-2.048759655900833
2.28286344387212
4.94577644727221
10.471425510236427
1.4446684918531714
-0.9319825798092491
6.512638909167741
5.490028432181538
7.434866784952195
3.0717754566388606
-2.8064569422817542
4.647493440955155
2.582071123109876
7.392076169698814
4.414735875693328
5.519727999088697
7.623421275044709
6.071633700724594
5.713489447803969
8.945472374614399
2.1312453378519707
-1.1499045403427006
3.8436806024539933
8.854320088627428
9.80164086264597
6.1125921554121945
3.3397424826765647
3.091097615775517
10.269139437547715
8.947400425658376
6.513765933719598
12.71980637189955
4.470968696182888
10.79017838772624
-0.28241221583237763
7.632016968212791
8.02199704150761
3.7286069761951883
8.238461129121799
10.132044336503627
5.595525834300071
-1.0835766028165825
7.552086385170974
7.555406558124998
7.404234739670047
3.5270322374658822
8.153156227728704
6.206718747883982
8.907503404244947
5.1949785048318455
9.447791606494778
2.2274387198325227
-1.7978371534653719
6.093230790055632
4.908510935735629
6.9256200914308215
7.769591921531056
7.879464383944196
11.481614269974335
5.961430840195534
5.283184238028704
3.3482404685500664
8.272177890826507
7.137538901199588
6.147576504838089
9.896704674116389
-0.7311040657105925
1.5532126259505836
5.826179257770238
7.543620603711299
1.6904311774858076
-0.46231080800986396
2.4685275185538913
11.192959274866745
6.6660601592121305
10.858067004405791
11.026312249973868
-2.017476033138999
-0.6319505469865458
3.7705108333190673
6.3429657677484705
6.021314267129206
1.66537486358842
2.5187386957519804
2.9499324349643774
8.93799406549234
0.6719763060213401
12.600993183825594
5.411182451574399
-0.015452080377100504
0.32334386861880493
6.762697576188654
7.078710713709016
7.5951367158296685
8.688953310423026
7.1158637169355226
7.323852232617312
7.78617498436716
7.338065194814973
3.9790977161929293
3.4328956709147205
3.3116630114672216
2.706049478425998
-3.9145214599423093
11.735549457109485
5.491791597259214
11.54683702141093
-0.2353150021831023
-0.5472324330811664
6.581972932762239
3.752770438934228
4.219161394803552
6.145302761285401
6.513823379871131
6.218327824912074
6.088062512925515
7.455757457973281
8.503701663546263
7.844180592151934
4.432245506618547
13.757702364714925
-0.20164578807495973
-1.088811034220547
5.4452763321082704
1.2712321207197848
6.886614393110319
11.033163302142732
12.893613648100896
4.459965326090368
9.41982427901478
0.6944642586194906
0.375146692149213
5.14677545210915
-1.8741321712472383
4.245638356784808
7.4217519083491545
2.300700320441238
-1.2144642693022965
8.892547790950267
1.008981201319165
10.853223420242053
6.773101147761839
2.696486036694599
-1.1427284680095093
5.183009816568664
8.702808338850497
1.592706026958665
7.377932030741431
6.67269627179625
4.8968640014693365
2.26915456115465
2.4178351894012406
10.030601584204005
8.993338170424966
-2.12695925080569
-0.47299336511865037
5.840362727716918
1.0801783630526305
8.21288388402194
10.125679744209702
2.8437715329340145
12.682921291153402
-0.9478347479024045
2.6191170514060373
3.8388012534189704
8.804699199701867
5.084177994049126
3.8537990260749893
6.587006927097368
2.99920474469203
10.519285549144294
1.8449259929594213
-0.6091154319448432
3.4417754603398487
5.769621192533732
6.310909636347937
7.353061752459704
5.995844945161384
5.934095297047993
4.83629977729574
2.1767421311428294
2.36143436467484
10.334307009925212
8.11955074557454
-0.16486729730999858
-0.08623380130988803
4.57534669420683
16.988798251343194
1.0564789709642386
-0.992426304524549
5.862436359685773
3.188902283198048
4.437987740752736
0.4751500855718985
9.446902529050638
4.367168435239656
0.8104151044559614
0.8300605155648876
4.142429968733944
11.114020637991779
3.4389566171227535
0.8169439564839356
0.24611584974924064
7.51554918167074
7.594140591603807
1.6721531869745634
5.351578252302652
5.621328387565129
2.674854603486127
8.162585370602864
7.45428706792174
6.100421763824999
5.906710801430563
7.668447211226197
5.182610200491706
8.59205499978329
4.353456156906448
6.241607509860852
8.58520230812818
2.9011314901077214
8.29224989002477
2.717353210117328
-1.274763126889875
4.668633839722237
9.762750568514
6.753835517273383
6.43304620062575
7.693357660175951
5.229830259789545
10.829856044745224
8.95382323600633
3.227531333793315
8.33706546422644
6.363101179161424
8.866782511578377
8.917044765467434
2.9736913332050796
3.6732800431431896
-0.7486705639064694
7.3394012697764115
2.8402400163638166
5.72172603745471
1.983379159719144
-1.7006289951674507
-0.12422961128185148
3.1188030710245154
3.989687876664526
7.78215330480734
1.878933018132388
-1.3717828625427175
2.1193891385573287
8.595450377900267
1.7902327397721463
5.820002571974405
0.776566779081024
9.78616743402195
5.712681938851287
6.6853393576477265
8.527567019527897
3.6485410840526824
4.420582319508354
1.7522625159011402
13.098466911951299
1.8479785366450898
3.1117047039213226
5.793475291421222
4.249309827452507
1.2180354220160718
9.827785026401214
7.503936073016326
7.855815713859657
4.966072660923899
10.468254355222454
3.8252505759168747
0.8460446378896191
1.415858273977084
5.19745338337721
-0.5293759567888698
6.1803252082184414
4.478265138563831
1.4401481626842094
9.25936460846524
6.049828592016597
7.430243816327641
6.554237117759097
2.5347717172485957
7.810883163873766
6.370639955711023
1.7830464263432615
6.102221811928333
7.706297855787944
12.802843350518005
0.26112494214008025
2.273780590019529
1.2972803501193295
3.1833342670925937
1.5529684882477237
2.1871548793541398
5.872410425810363
6.38812989084444
5.997012203305721
2.0183150651337556
-0.15487231348101715
4.182585514106259
-0.6948672881154551
11.393395214894744
4.648003243841238
1.8973136849325338
9.401872669230768
3.846009334313735
4.1815474614176456
3.529345755065772
9.455574894544728
1.2016328461301233
9.897301275232737
4.556787953049072
7.323669364202238
1.713105205865683
14.520314779511141
1.2883232364100956
7.015195176827714
8.540167574318804
1.3155847505453524
1.3531895693787426
3.529668993738112
8.638958669543552
3.538099744330098
1.6534149835047809
13.726281276041457
-1.8167232071714363
4.144993122726984
6.333661079470609
7.099400863479091
8.124763874596274
8.769465881813254
5.22478167018831
7.107049072515392
7.714488697042063
6.486182957169464
4.784610734043822
3.889402095801899
0.8091664182218152
1.40997838401821
3.478806339663607
2.5650066443128217
3.478806339663607
3.1123389654396183
2.9299923063685003
3.5701771041288755
7.440814983211883
6.0366555369008195
2.4469327923519284
3.179436426496303
-1.475420952928336
5.6244233607719005
-1.738186722198251
4.322013919937962
4.590392539492791
5.2473169597434905
3.448712370613707
6.3254859884516135
-0.8915241583012261
4.624055527995472
5.904048611922332
7.74579749853125
3.5748537395264726
5.566494727958699
7.964857800236083
10.133000731235589
6.7493350644103565
6.380825970237321
1.2936170450997515
7.297785265037881
1.1570339671290755
1.1570339671290755
1.1570339671290755
8.365429475954627
6.129272339158422
2.9190070634631513
-1.5889045048614139
7.7270299252378685
6.106084215854048
-0.9021302458856161
6.493749864603705
3.072505011406951
8.440555075614586
3.2931602906841326
7.437319633946007
1.3709389573694222
8.374396060803289
8.715251507180195
3.805888905914716
4.0991180112868895
10.509381632932836
9.252517370690702
1.5451339107358406
4.357257019531614
4.454037371968112
6.164939381971264
-0.009539834714937776
-0.3230547898816808
8.552894738531581
2.485805854056536
2.788816218064314
-1.3294961017927376
2.7304613734409937
0.5454553639656062
0.0731203718356032
2.5976094879955585
6.74541185739767
5.0355786535663
2.624585963561367
5.91802357250746
11.271361989495409
0.11773054445709347
7.392755534241803
6.535936196688945
0.3158530733443426
2.1739713566475167
2.0699198592818955
11.99056735894489
6.945490957405248
3.116655858482077
5.619044802053188
-1.2542814716474737
5.770533332889553
-0.48988643452680924
7.215946198790583
3.4031378063862263
7.358613763523663
5.055189188904337
4.874761945451011
4.087427144987276
9.28695992762064
6.105133221190791
5.364312528509471
2.3794813495880023
3.7558049726222817
11.39883353811429
5.307129561394761
3.5054352730902365
14.406155056139129
0.86637412110035
-1.3888771271559255
2.18821976221875
8.85865108024628
10.138499049001977
0.6446805840825383
6.0684714921889675
3.6074336178700954
9.015762455997525
9.781820244380048
2.1941218342105464
11.296947306884567
-2.927691322261027
2.4820401288651657
7.991332178542109
1.751963029884103
7.321068178128101
4.722836708908335
4.592098797084949
3.9242672455964915
2.4965758725934224
6.219727643842469
1.3719758072690527
9.952628467012405
3.312802699175601
0.4840691493884758
7.851721095437294
7.43261104176568
5.395832603262522
9.127649859474502
1.9778766883365302
1.461210875112261
12.19800352121032
4.146044883671219
0.23938315479995637
3.546377964362889
5.868657653551841
10.557941806763926
11.026462565349435
-1.369223041509069
-0.3464879249193259
3.704026773172386
-2.930165975859245
10.211034000627064
4.742074658103614
8.015313293655941
-1.7588769054205886
9.565846021770923
11.895222340179004
-2.9197110074583956
7.223385841769751
-0.23296755669074332
9.86378614938942
6.190234212795075
11.844268485135558
10.358494581753186
1.0181531664258447
-3.024492779398388
5.172001513602352
6.1303509514312875
-0.2069552058575896
2.7575485989349726
2.23857980830254
2.7575485989349726
-0.30571707879223403
5.54083737798666
4.57328470214733
1.3076973476399452
2.4006498564598635
2.197204822056715
2.4006498564598635
10.35871949813357
2.594025551912141
0.41367756370484243
-0.9868811323879189
4.392734515180129
-1.3500444446785407
8.624812014642169
2.7965621415023216
1.3346530606864
6.995955260158395
3.56266070977341
2.1274270506754362
4.804014705556726
5.10374448516494
6.896966278487941
4.063095430850303
4.373866907600028
-0.714633631282112
0.9156090732947485
4.058931461609887
5.55068698926013
3.122383520584961
4.308224709699245
4.122549785146572
0.5300037387186999
6.430038029161667
5.071839440166473
5.915696943641394
4.567125725758243
3.624442984134794
6.02723268718148
4.445525120320949
4.0920829780965455
1.7869388432595865
2.2763322838355644
2.841027497337323
2.854959741570829
11.719753888806336
8.527550151951397
0.98970128006638
4.1610487209578615
2.779869075504776
7.667396712208467
3.9379821133751807
6.8504452377605585
1.4962537262638598
8.674358646455445
8.342928873259705
-3.342636330230143
6.343015664289317
0.1249249625074135
8.334867658750937
6.05545208279866
5.95364127397018
0.3529743991119383
7.715183613093745
3.139099135790036
5.989159245654113
3.884794180434392
5.546675574103851
5.5904756280977175
4.5114371204020145
3.1761217645001425
1.4595448897288767
1.2974463235885776
1.4595448897288767
0.8612011465042015
11.91367554005287
6.421645830170398
6.876362243493417
2.6491069858588094
5.130813608676568
5.635231647258142
0.4709466502825508
6.4046352718875745
10.079004853696576
6.7746457790228956
2.1880377929052615
3.1461920184761976
2.775118738015998
4.080380446530613
5.111614860280988
-1.9638001079039
3.620893568577375
-1.6393883034178178
5.176092625820035
-0.7475845686778845
5.991951425198883
10.379186068314585
0.5802943708151705
6.037631856082015
5.808872669671382
8.58310192950922
-0.7266236485890903
0.490305446284644
4.2697625578962555
4.283600860987156
3.202187461566975
4.32678916057787
3.5664284271106665
4.466142820926253
2.845978526347521
4.489388101632953
2.532593523984439
2.8781623473346403
1.6934685743924995
2.8781623473346403
4.071105375498511
4.652960862468041
9.733213853754934
1.8489442021720643
-1.1359505236524345
6.8315917774493595
2.597357524555768
7.151009623048145
7.296636653584336
5.136079848745743
1.5279446399220615
3.5871470879514518
6.657915213860374
9.357845924264675
5.143736921193955
6.2952008008962155
8.871326438162217
3.737768244992659
4.660319594906623
5.475490044034424
6.873066778837098
7.598384570475686
4.635276841366265
1.0686514128959224
3.799844053529501
3.205426419080355
-0.5715316526517662
3.6320991676349963
4.717295727530478
2.547240620144328
7.606004156803413
9.637287579962145
-0.8660308815246072
1.3323983473495173
6.569109660915212
5.0252062081830875
4.8106462403493016
4.997004290114788
3.370066234855537
-0.623637323377876
8.076044974357362
-0.623637323377876
-0.9461256210905931
5.57221031656775
2.3339112470683636
2.2809221078669535
8.329640813516328
7.193537370182547
7.933628616297839
11.77899462227197
-0.7827318645346834
5.330601811522195
2.4514382998836504
6.631460545439728
2.0788772829116926
7.263033465748775
0.8291442368942253
4.421783151402449
0.4886665170262934
3.2155011750067213
2.805710703285992
8.264160558282086
9.01540706338041
3.414733286803794
0.7358425896527724
5.697661832821172
5.046569578010689
3.473700846512855
8.865810868044896
4.67669032708737
2.9008429859048115
3.7787099744633887
1.4968003370167824
8.168808292982987
4.262006850517362
8.877488050998265
4.78178078077939
5.859454077354287
5.19231999651784
3.5922526749352635
2.9153845305495794
5.571228337640041
5.473255185068434
11.015512706744152
3.1077520077836143
4.560212450885634
5.672113128265735
4.080329905240051
7.422845687878049
3.089133022021905
4.582712879983689
8.715393287246144
3.9325379658597592
3.8541021984640116
1.9379884470478843
6.262463641909092
3.641595537215129
8.696149649595707
3.2818557913032165
8.019804373878184
2.740718091610439
8.427874669967956
1.540590360329981
2.061826232228953
9.424897325336108
2.430139113050299
0.7356695705193378
6.106115519998054
-1.0982730623884953
9.592815702514336
3.830856158361115
-2.1978549037259967
5.992701497344058
2.450513377905471
3.8541867526908127
3.1710126332928166
8.466582683319473
4.064970395769358
2.592148979049569
9.539570081575443
9.007143422314572
5.035992268760125
5.0946570470276455
-1.8659179405150763
9.623264899057936
6.87839648346023
4.051119841225848
5.105536026066893
10.342811860806455
4.139412714163101
9.147248540160827
5.137437006728931
5.017777321177112
7.060019596518858
4.981380013998767
4.0617141400737955
7.772363700153963
11.051283463501852
3.802697621536364
5.869496112525328
8.490073943996842
4.139687679153578
2.187705099112095
9.019876854628942
10.144409069108205
8.793675075825677
0.19015049043990398
4.791628308797153
4.532125540214213
4.105152128102215
4.367451098311474
7.091752414286032
2.191513855128386
3.5785732747684493
1.4097171133217143
5.4542775114328546
0.25631951548323945
5.539168654952266
2.412157799229753
3.685555250567758
2.060303373837168
8.111316571457921
5.5820745311466125
0.9116651586290847
0.739324996789258
3.5196870073370485
5.958052628748241
2.007181771072654
1.9768611373443024
0.9904586587399115
2.5719431443821343
0.11087575265723842
2.7723719992183278
4.698187695132666
1.1140713038702843
0.9039390006019825
5.18279020973848
2.6790947338527493
4.439232626993641
0.35786038702005846
7.4103414485938
4.202440885494834
6.367831919379
7.499213123057137
0.3538692788273559
8.928287923500585
4.393315870825105
5.292682700987546
3.454531076546667
1.5710320184196322
3.4127649675408516
2.735270206156472
1.8234466400599272
0.7682651250415613
2.152141936973676
0.6084125456206944
6.1611446967441985
3.225452055477859
-1.378396947477709
7.913040545445868
3.680069349623134
1.995696070784156
4.7944289170145264
4.436977174421709
1.3773995094815952
11.160361755398842
3.810108486859395
3.587898732197735
5.52293922706962
6.878851940952016
1.701438662800367
1.1719942254427842
7.041042016040244
8.829506096640438
2.676367876888292
4.721137683538946
4.786669225183349
9.994569267813317
-0.8529828512281818
6.826939340531007
3.490693819250143
3.816982907753581
2.2281467716407417
2.154521979519889
2.2281467716407417
0.02173125050780935
1.7777944183375625
1.4770452529125697
3.832218270855345
2.318054325480871
0.7105143886047255
7.856676594134181
3.1364381677400526
1.5396597343068978
6.230385209327434
5.549897570812297
2.9347253108096942
8.680380138065035
2.8426420328201694
2.6808197857069245
-0.31493543854823053
11.557589004861462
1.999654312960708
4.510029711466952
7.088897479962292
0.09397302437527041
8.67171794296164
-0.006159867429708935
3.90725794018172
4.472430119955537
3.7419034886165057
1.6833572085921598
0.3477094632655259
5.495494519750758
3.4486300908568643
4.16424034869814
4.733433699643158
1.4891385539024777
4.253387421975541
4.371267611476553
2.4922337371005265
2.0358015108912992
5.161739966597956
1.6265084127738128
4.237736192333499
5.7505754875910835
1.9697691984670807
7.834066952561979
6.8375516918227515
4.01110441731446
5.597181145283715
2.889402629174399
9.624767453498023
-0.5220132635506527
8.446586656591252
3.2107408891616855
0.1059197165245759
7.237770320238602
4.8982549702331655
1.777794580853672
-0.6887682679083929
8.878662254542801
4.099427401915787
4.2892996130468575
9.463189608767369
1.3657420040481423
1.3657420040481423
1.3657420040481423
5.614712442938632
-0.7084937737410445
5.562649526319321
2.138606138766104
7.34546716220749
5.047242816433979
1.748856258230963
-0.4304098775993499
6.1571455299316815
2.4662149188554126
7.263966398771463
6.465421051349122
4.941491874605539
4.752544438633083
7.463593920355276
5.97160155577094
0.6239277277275838
0.6239277277275838
0.6239277277275838
13.775904395064762
1.5881351025464292
-0.21289200111405876
11.167811733702614
11.913630887438496
-0.9085355657272743
4.06316063963462
7.882597105632367
0.065862041324778
0.2745760027644625
3.0211141902504943
3.8758794867382247
8.085128224264126
1.2782456287215704
0.8086889957601676
2.697966139418643
2.187746819126966
1.5344802279300223
0.20667639241611158
0.6146514822343963
6.880114024315059
3.516705913606623
-2.367925571303005
8.110835796233928
0.6359382214163297
3.063058064717338
2.1701617359063134
4.424975563372298
4.099145408075219
5.830765698105339
8.284942965855265
1.6235114167437659
2.5269356438585295
0.7500919032402106
2.334886882299068
10.85838289791735
0.7754909262037804
0.5662299030614802
1.5242411863016359
3.8965821644345646
1.5957979688127122
1.9922496602057296
0.6667762809664944
3.5702099411357033
0.8150335098473158
8.258845149589813
1.8675327669777775
-1.0433746818825778
10.543849947572308
7.005024071112769
0.035198891376739545
2.684783553040538
6.8400729456935
-0.5127446614340307
1.320192316224813
5.15228253700988
2.029451013450969
1.2865149298586112
1.5828070820760578
-0.1772120608217366
5.132464364093269
4.365185973247471
3.870662591936516
4.405107791067932
4.1471796100511025
3.266399428799702
3.071366377892655
3.2352047686604832
7.0131636141192315
5.265502319849566
8.123064019847629
3.783645311711876
8.627850976836392
2.4168274955483704
3.4163254325524344
0.4110432848116352
7.251604535427205
2.568004894446573
-0.784773591304594
0.8615409462641554
3.0753495698471633
6.815044593926566
4.823245093925291
4.327480599165676
3.4769236813569258
3.978112834548276
4.493158663577616
5.019796131488303
5.191957717026167
8.380033173923474
7.832268830245617
4.81307558231511
0.998773412655113
2.308989737750416
2.0922336857106285
4.783093903300117
8.650847226421236
7.756718362966069
4.444841533829038
0.49051333996394514
6.09990890732528
1.566864838084597
6.008765737392539
11.377600182948969
5.952866891969761
-0.44223465674768353
-0.04975469726056391
6.968980541602877
5.1954306197175955
5.221061259185935
5.837977146523355
6.5661339782677
5.608743648364165
6.41848959243312
1.1746833340590734
11.610654937424915
6.492602886808309
1.2272315583783115
6.382440191924853
6.776747116190665
7.847148160762984
3.1093015833625604
3.207416272900425
8.582185084698192
1.313788304869679
-0.21632131614943706
2.523118459487732
2.187963404396365
1.1009466319715333
5.334023000406596
4.244479258333258
4.86170245751968
6.663999631758201
-2.5614482304441037
3.522832704560459
4.867464943150699
4.486004998162037
2.0523660801168297
3.2926750990018534
0.701603741719958
4.854388856885806
6.940832965256457
0.4791271684423393
2.7633192476860327
-0.237619506939623
2.137185568100837
4.313451109035988
-0.5287099482242392
2.09750913976167
7.508873100945664
4.1351602331763315
0.6702522070714064
1.6346556663746816
0.46200706738806685
-0.17704172357969894
9.381062352928808
2.5893804940244887
4.523362811366274
4.648085574642777
4.475754799237001
4.751433753343857
5.140113768011635
-1.0333158903162043
2.2206601899958964
-0.30811127539042926
2.222568260617138
3.632677318999793
4.331169508266812
2.997073020101486
4.700493130140945
8.165803414436567
2.006450870862126
3.7390241233844104
11.51094868493324
-0.7147268363446121
5.082477969112781
-0.23897213685431526
6.413460471943138
4.666118805226454
0.5813632341691877
7.411185080464332
1.967285129795328
5.954121007410374
9.15824451142875
5.528054196015989
1.8828719247867454
9.604967340389551
1.0944524543613807
4.650891259788188
8.03359529567566
3.9993155631299397
4.411407356985484
1.6026791457468428
6.744923853072639
6.862649659374148
0.6761485748058452
-1.4939213659871022
2.7205935597006534
0.584088331846161
4.898624208943444
0.8497102507311631
4.404027035093399
6.974174402064773
3.1205805671271647
9.703153987776824
8.409489055059597
1.6805374682209109
-0.9908495535121279
5.492291251185127
5.512075046794995
2.97890535422438
7.862477077153598
0.20269962324374607
2.3460460832296537
1.5618735608011727
2.4161495256658556
1.244130759047484
3.5222451319177956
0.5554928011214948
6.217198065069303
4.694115733946026
4.343441428680241
6.32994806244046
0.7786266165466432
2.1326181908063764
6.772990595112612
5.0395636810862845
7.0855091159511625
6.5593255120183365
0.27341300234632715
5.034255122127649
4.342755239515977
6.225983293553351
2.6254795966178732
-1.0578876566481703
0.0526317928016772
0.8134979024101928
-0.8322990091339025
2.9740688797197437
1.37220003674525
-0.6320724556719071
-0.4795753025382961
-0.30366197503631903
-0.17068193800365142
-1.2030203997214928
-1.8581236430818222
-0.6424858057026077
-4.653014030836434
-1.1157126168283134
-0.1485954768193621
-0.7643364256630174
-4.26303570975249
-0.3335527799472259
-2.2797310541766365
-3.9512086049044735
-0.16885422805410247
-0.8846636978620674
-0.16885422805410247
-1.6602898885157706
-0.39121429254057993
-0.4692717815342105
-0.41105337527443997
-0.6062211138156787
-0.9982186541014004
-1.176183359761036
-1.0171208842068737
-0.31284900644591224
-0.7108551183749064
-0.18901947581139855
-0.6817032557195976
-0.3927103612646142
-0.33990295670445086
-0.3287757823576705
-0.16885422805410247
-0.420334273623324
-2.2038241437787898
-0.3826214267226749
-1.8478335404918165
-0.632839931739974
-0.6003893573996444
-0.2891804576950382
-0.32731194804565933
-0.2109491599362751
-0.23611379618711814
-0.24588314962205876
-0.7808455607300552
-0.4652343598519489
-4.560256906226115
-3.1417222546742787
-0.14643439659313168
-1.8713012958138648
-1.0283374495524449
-0.48725926703311373
-0.8243523927756123
-0.28396654147694683
-0.07561729699815417
-2.7230682496917207
-0.5916494636043172
-0.42838264325873526
-1.3858854770865987
-0.16885422805410247
-0.7182576370957705
-0.7270164176346006
-0.41438185739949857
-0.2834809308747641
-0.5248979842673283
-0.6878191187535446
-1.0137990315629086
-0.36510767160283436
-3.352176951359118
-0.9510182339040686
-0.3958095802573562
-0.5486163291418016
-0.3252089906148903
-0.8696019591725385
-0.2512394527762908
-1.4718921291978577
-0.7967706049461911
-1.6178784266703334
-0.8453119990531245
-1.7482454509947567
-1.242025317749274
-1.249113939721336
-0.45808666779005885
-0.5410740177047262
-0.27660995248936937
-0.3294880349315245
-1.2950537899976606
-2.0398974904210405
-1.3431954860525293
-0.9098732021780767
-1.6738293326008737
-0.23815458892021318
-0.13372260579142903
-0.28339205179679977
-2.247931848055756
-0.16885422805410247
-0.3561682776674148
-1.6722475368899785
-0.2964430934959977
-3.887564654129314
-0.3877221890935456
-0.4450248372991072
-1.1545683427182614
-0.5332772553240616
-0.9615899923641427
-1.2693800187612296
-0.9332526828896538
-0.33464540037324675
-0.16885422805410247
-0.7490908866221331
-1.0935156609095478
-0.7227189977635219
-0.4601885100354401
-2.7110318999460348
-0.47039299867445544
-0.4063024121097738
-0.8310289186590814
-0.16885422805410247
-0.16885422805410247
2.1015263772221675
2.308355555579293
1.771306089458582
-1.630892499939109
-5.157867034806649
-2.9870143756815537
-1.9650049701211585
-1.3815755380061372
-0.1531053852010781
-0.8212666337144269
-1.4803469945679317
-0.32282258407006126
-1.3593820210757044
-1.378084539901944
-0.558128590623521
-3.03895392671315
-2.4605564280467163
-0.8140312347776497
-2.286104945146479
-0.2533106602970886
-4.068587318616328
-1.1997654002741558
-0.2533106602970886
-1.3362696018546687
-2.28040268310851
-0.11853373195364912
-0.34132368179935946
-1.4962891015520554
-4.633907497918735
-0.4134992829325979
-2.279378424439719
-2.2312828447320916
-0.16451002624900085
-1.7285268974684478
-2.6342618278312226
-0.5106035392468747
-1.47214402527898
-3.296565405348376
-2.171508043825762
-1.8747023660350748
-0.3103193229945257
-0.6481780873403611
-2.220683231701411
-0.2533106602970886
-0.29371378508218116
-4.840986753102103
-1.5971748049729673
-1.6377608231532825
-2.8885274370399476
-0.6836252423078671
-0.6204620771510831
-2.829572140682763
-0.45839883052640507
-0.16808237694547706
-2.900510702045586
-0.817328974301061
-2.379936435309893
-1.2503671750371057
-0.1091320914741554
-0.6591110143727337
-0.24847173044040569
-2.295584533170061
-3.39360438768467
-1.3127422145146863
-0.37856257447729924
-0.21811611164739775
-0.3001578957143782
-0.19603410856943188
-1.3588088854049594
-3.16342427320059
-0.5835700833358854
-1.4895210665686769
-0.2533106602970886
-1.5273785487761555
-4.564781816371757
-0.8713140029841963
-0.11109101406311804
-0.19359543718342528
-0.20060828188683397
-2.531319138809455
-1.7418458819052967
-2.4390050037659745
-1.1358002958694844
-0.41489917306187424
-0.5433959476707928
-1.1765182234832705
-0.5928411149112598
-5.787772098828098
-1.7999592976993908
-0.9441523278205899
-1.5513527387423844
-0.1157654480446213
-0.8148246394445543
-1.1699349007074198
-0.6250258281284752
-1.8853210634843083
-0.15536108308832436
-1.6030458596061616
-0.8180558074324761
-0.265024109217961
-0.14328407343978225
-0.3602742921431495
-0.2379322790203316
-0.2533106602970886
-0.9377816833422024
-1.3781354529264946
-3.9048987514321825
1.4687719715758754
-0.40394401785337963
-0.3120042663999526
-1.328009582098226
-0.7037905255173298
-0.5147746946528591
-1.5055075669871207
-0.5413648193919626
-5.087817256590449
-0.2533106602970886
-0.7642014196206233
-1.384836609821324
-0.14295855245219016
0.9383686021245552
-0.4657657263038129
-0.33421785592973924
-4.2621995138898745
-5.129892897944953
-0.8374989227772582
-0.3618005667731886
-0.2533106602970886
-0.2533106602970886
-5.7445065805440505
-3.3658912514319512
-4.499700583507126
0.5299557884436618
-1.964139872625035
-0.9556848216905037
-1.1373413597463768
-1.1373413597463768
-3.5701113198757115
-1.3337186454193037
-1.1373413597463768
-2.6748724081673942
-1.5275806792811624
-3.0873222496077664
-0.44262288405473443
0.283401180998973
-6.395492138502129
-4.580242616743353
-3.0917752573626127
0.37650810126334655
-0.7455083366724187
0.6687358337545997
-1.1373413597463768
-0.16926859744743097
-0.42994954920512557
-5.565396766753106
-2.078246818112369
-3.068370361768636
-4.07219627259742
-4.5732117506018986
-2.9821960696447123
1.217657084131346
-1.7005908274178783
-1.666158272501631
-1.1373413597463768
-0.608801129088489
-1.0363342083368199
0.7034887306841605
0.6034204451325346
0.7245015390785621
0.5467520364134576
-1.1373413597463768
0.549353571579654
-1.9695115290764855
-1.1373413597463768
-1.1373413597463768
1.7108509805296501
4.748185136348452
5.222424025892948
6.139983885248333
7.088897479962292
8.821097343127583
3.8982433583060603
9.163655600604221
5.936080406158994
5.91437018620786
4.730798803768056
6.679799967880825
1.0702894434238344
0.8910810790185841
2.3857332475117947
2.169792804574472
4.675794419715848
4.301890001844197
7.675439459801148
3.7357274253220587
0.32256278733689103
5.892780584521328
3.2120500202735176
2.154280945642834
11.034604201750938
5.46010370770589
6.417200262168783
10.304950921500158
8.764382865719973
1.771106663470887
9.331293465845613
3.528932666627108
2.8664678014870604
5.461825969537028
3.9170453593760137
9.726364717049968
2.2325701130795634
5.331285650875884
4.932762006067784
1.553573941056892
5.122995366846072
10.046476982641648
10.978696751924547
-0.8103183353629412
2.380418576814203
5.975000024004411
1.8864630008932102
4.760233766313512
2.2805415030688416
5.123978861370935
1.6623065273562603
8.763780667556068
7.444885112091535
6.486493946743033
6.143357471494642
5.556202203678045
10.993944342115242
2.18862382001278
2.346182036838652
1.713650702335627
4.221099738703576
2.423520540118698
0.4130139769732992
1.3954997937960567
3.609783307191652
2.327390030695599
3.7805385547944033
10.121120959562107
2.1866181264710014
-1.0434275411728375
4.413488106522413
7.195440969605684
7.355471295074322
1.6113491717450896
2.70860373684205
3.3020606978386846
6.717858280711675
4.113271987357028
2.883767167349958
1.8979399630386098
8.861751147334774
7.429846057511323
2.990704068781463
0.09544198475458693
2.0779325800586284
5.121210656097616
2.233145915658951
0.7634433231287017
4.845191585643174
3.339133060850046
0.5240151845937129
0.6521455149160275
0.8135764875837466
6.054448396656284
2.6241777654279335
8.789994802921255
10.284030699396013
4.131574077842362
2.7870346526636722
9.868609359643447
3.805719361408198
5.784493042537597
3.105541797435616
4.507092933362788
5.047756393628854
4.199957346660507
2.8789675573714235
6.168040206808722
7.935436501362492
2.1325045999215244
8.855315834119178
0.6147653379783935
3.566389545400566
8.034544683146855
5.258398618380257
9.328726986360168
2.35445045825573
2.5908622062254425
4.151622789849039
0.7984216079253117
1.5176696898514779
4.070432325657678
9.239989351280771
3.8293704902083205
3.0960114025579224
6.256953713661572
1.796331349876862
1.8109221027703233
2.330537055400688
2.719358072749137
4.2703147310183756
2.090904429101715
5.475988979991313
1.1876620879962505
0.029185100689356744
3.849117178486879
2.8474236233017662
4.307618441406955
1.7474001895632358
5.605000691131088
0.12131211387485262
3.042749659738183
0.792930805857937
3.2552341141023358
0.22156401137375747
0.15247521002271466
5.302056013437507
3.447876497413126
7.218471289235707
3.9473726104747238
4.809545354497681
6.092328300692747
10.428727597102307
12.680571553229141
0.22372017889464946
11.901887572838266
6.891389551179222
6.34539859324541
1.3129875312426453
2.4291977502012414
2.679871719551808
5.034529352328095
2.187718854909446
0.5247282797135986
1.7946123552101754
8.89166363887462
5.3707135598154805
4.880904210050259
8.482052538174743
6.953284670093012
5.524233413285539
8.854637730334343
0.7995225569825973
8.417453255712257
8.093969277507952
8.094266312896568
2.173803521225096
4.782095685369311
4.493075700773048
2.9743102021478536
1.6011248503251874
5.1765526270260285
2.436880546467989
3.2444924076728707
1.7616447234369335
9.16041512853653
2.9995888721512167
4.906576193795008
2.880907964552666
1.4354962023130968
7.088120264442972
2.382102551526273
2.8675189216727413
2.9164814824333107
7.003347552931386
3.0178739566174517
3.808821067570728
2.900698828512459
8.436281712716001
6.655556338283307
3.7729615979913915
1.4249208115884162
8.28690486865272
4.528112510124071
2.488745093927362
0.32048989577505116
6.379952816297133
0.4079092002877841
3.605166264098183
1.0447779526373062
2.102579385458465
1.5833762368965743
3.947077048991081
5.7212337000247455
10.742370986952235
6.656915231308901
2.1939960605175446
0.4950429924811972
1.2117430181067759
-0.5818897222020858
3.406350560484189
0.7380051058697149
5.924443358360265
2.4179292082426307
9.281018845824482
3.028398254455877
2.7983666315737774
4.305630789521035
2.5617624062895836
4.528750919665164
3.4855040250892215
1.9741424036583677
1.3918842924291372
6.280876543708353
3.471145124515833
5.83176600446935
7.7887513041268654
-1.496472181400882
6.683813618995681
3.315093426010458
3.788213581841403
5.745874117462716
2.878876249395019
1.6314257332032944
7.764573885511992
8.065092523354618
0.33053217648601313
3.4615281173314725
4.486075108758731
0.7447731443526915
2.254464398413605
7.295477258420334
4.015740754597709
0.6978133993805417
2.2586347565154945
0.48443262317328406
4.751476527526181
4.3572736162995795
4.7651684636144385
-0.2361348648681145
1.2701403745906696
1.5915310269840073
0.15320497927606025
6.041357214258322
4.0177679614640445
3.192157723406384
4.049317212831975
0.1788633840997846
4.96313847615718
2.3614840152667105
2.3009028735858643
0.5480816974354139
1.4719932459157117
4.73905521027462
2.4918160167080448
1.424544509915405
5.662162459890644
7.5364360217251996
2.189304620762668
2.198576006006353
4.63514930734403
9.642279145583656
0.08634808029157082
1.6197518979608965
2.3607453820300273
3.1074027490269707
-0.1011320167522588
2.9724801488691717
8.536536912934245
6.944296217427083
0.6493415757196342
3.6825921715161063
8.023821528902507
3.011096624044082
2.243747381140506
5.999276890118562
8.538151744179984
3.731115977026074
0.7220801356271738
3.17329345964194
4.65329873569104
2.1953059433421656
3.258013583422717
2.236394613122347
1.0363183403574996
1.2735879328467727
1.864033167133573
5.23468791670904
2.623609123201247
4.596029619796158
2.25385953671346
2.973546958001641
4.017696190611464
2.9752381336948153
1.7483572883541805
2.2413099387687714
0.30510302649109816
13.774911858276951
6.083576437145626
4.611970053166268
0.14520286302137267
7.251380898196002
2.680422526808734
2.4872454498675403
4.868891682219452
3.58874762419794
1.755854969649518
3.2481060510787705
-0.837512167249906
1.7212767901383532
1.6855396574683101
5.063394921116688
5.932489584314986
3.892338554386611
7.102571457322848
7.0795076682742
8.135242530015875
1.4759990260013691
-1.1456159352239215
8.129024963260456
4.3951846763439155
0.6313276921090335
6.641407293547278
2.4618239794549175
5.412191740472794
-0.6096915462099967
3.6466275902519367
2.0358015109055394
1.7401719715835415
6.942112198387989
3.972754987908428
1.4135315317764052
1.003512176584474
2.187203054291091
4.2562997479985345
0.0542604715360126
4.49646217158418
6.413503012779535
7.785781621021047
5.28852479192696
8.663580751271855
3.327284944395949
1.4685269426196823
-0.03471928591864101
4.219158436106777
3.430414309763141
5.404029839491617
3.1067264556585195
5.57818635588762
4.926479290136876
2.0674771181012273
6.576700847473498
1.3167026846902148
5.567373878553951
5.186673009465194
10.305100874570241
2.0419985277060095
2.563889007075167
2.2826347406144767
2.1877768324844693
5.3689463321398625
6.460501773402577
2.9791666217866877
3.241764568035806
5.709488482740867
5.22490880642362
-0.02215931827360086
1.4245577570518873
2.437656299446655
3.7002111714521084
3.2349775096805464
2.1577030127324814
5.823221849396997
0.9707433266266697
1.5785778848592107
0.1867602687347377
1.4244325183645505
1.6679078192739387
2.4057133875021126
4.39123322835827
4.62811281924086
3.847642299291415
3.806490842462299
3.8823300967161103
1.65066981023181
6.616269318335989
7.753679675953691
5.315980456805523
1.437943020516569
2.216303916483834
3.841561561942951
5.906725332247564
2.0140591853287004
4.7358450483767385
5.4745720916041565
7.466057870172091
0.6907053995400014
2.847447827494479
2.2134200624963714
5.39728800835491
0.42344781294525186
0.5551489653789975
0.8710696567751707
0.20802256316080386
4.7566073222164285
7.1363916843825255
2.5907624108512057
0.31270733488447905
7.835936842466845
5.2972574356444095
1.4341991919825727
4.274351160297524
2.753999912677537
6.913764108147095
3.357196558644153
4.119527643660461
3.5696008823108523
6.034848267976096
1.4892821146255848
3.8848425792135095
2.2806987560314234
2.214820050872313
2.2798549415995226
-0.4770106341375223
9.210726464439567
3.9461182573923406
4.529121347416295
6.361691244606739
3.8392464952818703
4.043558251528677
7.111818578904959
1.8415933887452112
2.526416577040229
0.3172709749977118
0.5453860883415792
-1.7412171989597311
4.7650534336955035
3.0075054700324335
1.321989859611718
1.0077164337882567
6.081526564886013
2.702468623770782
9.797763813358445
6.331216085330493
2.2056026365345796
8.026308946108056
6.667066499892765
4.200514931882723
2.427651108526895
2.408964940927028
2.427651108526895
7.961378757890527
5.318615013172048
0.662123363573438
4.491150454193385
2.4462175161939834
3.417428451618935
8.095314586945031
0.3698597877817721
4.706705184172431
4.660667987158689
5.840676620038657
4.944479595336199
1.0243311913707895
2.3170438262892743
6.616352610722307
4.111686717875209
3.3973458465050816
0.329902681863684
5.405265902550589
2.6882203701072473
2.187474333008094
2.193643155406343
7.207241754350379
4.478012146146085
4.382030545913095
4.006076709573266
2.9761811506322573
2.6600244877584673
5.279910541991424
-0.35625309942224553
2.836576209047163
1.9231700327355477
3.5242686897336575
3.4031369933502975
3.4207718971282883
5.1210383796824575
2.8883069073216943
3.3482138010228337
11.138608785103132
11.253019805102664
-3.195801898178425
8.111970711513534
9.806367019850082
1.2526160524319256
1.2526160524319256
1.2526160524319256
3.774572557656561
9.630504704874427
4.845551738403724
5.088765544497649
5.543739972595356
4.546946886191935
3.6379837120738037
5.6677560058521
0.8803575556597523
2.5008935049352576
2.5907057469181005
2.6205984664772126
2.4997100703139634
4.5699652597798615
7.02725373101748
3.902010490037094
3.8074071640549354
6.148464527751702
2.4314781209409606
9.27039176240596
0.1558857826132508
2.8892206661579
2.0449478010473587
10.653394602898222
3.8931232228754094
5.194076059222142
1.4637762528345863
7.088897479962292
7.850782153918057
3.5746954763223266
8.335968726841807
6.92501388843691
2.511878857825293
2.541076215630541
5.13646223192402
5.351452389437237
1.6394237052076484
7.847533870916173
0.8540992160457593
1.8999860061497054
9.842704505146406
1.4319006485152
6.973995841028748
4.860840117270361
2.193260325040895
2.7061013718631455
2.092785905760717
7.290809751504612
0.493791070137102
7.082639025230221
4.852578220341556
1.0632666204206254
1.236878724582423
1.3873092110851224
6.630779570406991
11.42244782320913
6.176304718107177
1.3248196000583692
11.471256970824935
2.0479559248667885
7.242673143339184
3.4051790508089805
0.2886407980240314
2.2756386546488665
3.7662992135817794
-1.5030492136770635
6.867158710422888
4.758766561123054
2.8567828787741703
-1.374401770690156
7.251993760629969
7.778930214766794
0.09396543380656358
0.4883793971440846
0.6518043548846348
6.399446233045681
7.133325080172941
1.294387884545695
1.945413110440625
-0.3067618465256696
1.5908810705138283
7.617237960746456
6.157142619553761
0.22274289444390766
2.0377794015887756
1.9144297213456298
1.1734843305919727
3.081810157855215
3.6053082667847955
0.49380591186966166
1.7228747232130415
4.5030487512612325
6.497083597875385
-0.10204579339456975
-0.15875238526767002
-0.05362919565748014
-0.06304603284737365
-0.047201894518306496
-0.12162973624836586
-0.13777729773177683
-0.061491674437328614
-0.35984932372482525
-0.09105651000694845
-0.14721066718435988
-0.21804127420275363
-1.1833516279639706
-0.9512942470937921
-0.10206242323431168
-0.03619560514312352
-0.16492661136416606
-0.03619560514312352
-0.49885694614392384
-0.08392616546126198
-0.11862153105900324
-0.11009070752963503
-0.18024615408049532
-0.28319811241090226
-0.144653109525832
-0.08634015843704596
-0.126822505340878
-0.4212277065495031
-0.4724199379848423
-0.8413286093282506
-0.18524828030942495
-0.2896576012239545
-0.11950490916079462
-0.38618026170532554
-0.3577455629426205
-0.10734572859458708
-0.09216032938391859
-0.05648818061830431
-0.03619560514312352
-0.36809669965355707
-0.2953170809280159
-0.7396812068914029
-3.1428392237079033
-2.5319265548596537
-0.17305533977208065
-0.20458814860883612
-0.6067515783849844
-0.07448101792536606
-0.05040010629105946
-0.09179877296016553
-0.05975767559033527
-0.5312384163762861
-0.15398171900965893
-0.029127949627281977
-0.3267680646136862
-0.17725459549145747
-0.029661791436200114
-1.2363067926380595
-0.3250401117360188
-0.17007679345781118
-0.03304681298068223
-0.017277806520051592
-0.017767549841032654
-0.37757272650428303
-0.2982471686373362
-0.11622182209763154
-0.5170578591568826
-0.03619560514312352
-0.1882950797420732
-0.13544416424631434
-0.20778962968355152
-0.26822195626071815
-0.07095674387192687
-0.12908466525419862
-0.32172198273628705
-0.15009245778333433
-0.21089690644210923
-0.2717168273302425
-0.0850069424373879
-0.14575557203753894
-0.08293062677809679
-0.05944477013125757
-0.14186662297752167
-0.5349828054488535
-0.2295949850542378
-0.5093529518936322
-0.2507992019872354
-0.6747573340481783
-0.08420270315322505
-0.20161887102845896
-0.051905054670950426
-1.7635585245261451
-0.019198521974431098
-0.12407081170090017
-0.4706566167629174
-0.23806263957038024
-0.48838138103560225
-0.32006194353602746
-0.4414357846091473
-0.06976143576574502
-0.015300102215866895
-0.08899084645682986
-0.38173537063229435
-0.03619560514312352
-0.16960877437658092
-0.5231995219007957
-0.03394342806787086
-0.332893627003826
-0.0939096695610075
-0.21140138973093106
-0.4015121287344522
-0.14196216970639108
-0.789604874231017
-0.40520133870045955
-0.6562667693643501
-0.018244532908602208
-0.03619560514312352
-0.22724192395035886
-0.35379811968804836
-0.27621447953123596
-0.12512830821536977
-0.240737417190664
-0.11153167961539033
-0.08013461567059862
-1.0026300739320846
1.7568902462677087
-0.45434578903451367
-1.059216212345436
-0.03619560514312352
-0.03619560514312352
0.9075999945915385
2.3071775029747132
0.6399532475979017
1.8499767825625628
3.1657239885608504
-1.6111238634110023
4.86641996543925
2.735201359245195
1.7577023277358694
4.094102786347217
0.13983127127049522
7.635246775754083
5.7878161714394905
2.63574019878804
8.801193832236422
3.6063175143825177
2.197999024760972
2.187797735179092
2.394570804502804
3.8068328705715873
6.282703426687522
4.801425802475571
1.4215436936804622
7.088897479962292
3.694705159077064
2.644954014598186
0.5295180085671581
4.183684925825369
-1.8284247812077885
1.7522480674539724
4.511484507988204
-1.6212855931516719
1.9626783847071194
4.70459827205353
10.427683123521792
6.385772072235239
1.877448881666206
7.570670870983192
4.8275201960111165
2.49715764318113
4.73164692896146
4.587998995627996
5.052997184716621
0.46177568208524294
2.188093389725919
1.6936404670319838
1.518727828429964
4.8530145775796605
1.7585391847173166
0.6142567149546045
0.3820280472762995
2.321170382190871
4.5673927501484775
3.843723176822234
5.352135393485795
2.987045988021529
1.2827626027635255
3.7716796464878413
3.2767704343531676
2.6979338834268454
1.4580957019107914
0.7909565704315132
10.21292358311913
11.232781613137051
2.134064896543525
3.207781420969454
4.171689380187931
6.560491522499378
1.006474524596645
2.1879326057645474
4.93112987332019
3.6743733853230127
5.946743954936695
6.014750605609848
1.9524328541978737
7.344322929134746
2.1876804498370737
0.19162016433684262
2.565349477024673
5.041806202563516
5.797884170143313
9.05167499249064
3.035674838607529
8.936335480393616
10.922285473838997
4.156752493122479
8.26598226722529
7.088120264442972
1.2513791377191206
3.3971916401874775
2.6684271370609176
0.4383897143688633
1.8117016332744993
5.040115574587138
3.6632731781440224
-0.953246977055434
5.154204290382349
1.7936828711437804
1.3201863976119932
-0.42855760932889164
6.138245593429396
0.2545045488907516
0.09398765772778195
0.24589184146525203
8.169462390075635
2.851237437871423
3.56933178628624
10.3576835011866
7.18910972212227
5.912586487714947
-0.12097870213300316
13.689956985687664
6.170573988001592
2.534544926633069
7.606518338307918
8.255376749977387
6.873716059320897
0.9971073485911532
3.160504582060061
3.024253065822887
3.375981088478308
5.405265779989683
3.8892276422113357
6.53111051171201
2.0944494594624117
4.264139704158564
7.432392414857159
8.644145470127699
9.641774476127356
7.653936275048882
5.836524712820685
0.13402309587933378
-0.041600671035314556
2.532119613623204
3.6966957612156897
4.758510099427213
1.8978836965175792
0.015106562111768432
0.2102868675976736
2.4475028138602375
1.2205583230692891
5.943052832505681
1.3182708510949437
3.6852987076171577
4.104070679798957
-1.5223935849308168
2.188217076391201
3.578839054575741
6.371064092950778
4.196488398322701
6.339713143655204
6.639963255137141
0.8211858163935764
2.1877007859671775
2.345921586067732
4.072540519029351
0.1027819373376808
5.623117809876143
3.689946187454315
3.6370133820200428
4.5612467200730125
0.15320518119171153
1.9570818663661695
1.7583460147661611
0.21539860265431726
0.18245784340417856
3.681301090736308
2.2091780872423206
3.60674482340298
6.388848474510169
2.195285281169807
1.757971715369456
0.06644555075657402
2.1904905402968615
5.398382263072022
5.936044956415957
1.178140883677974
3.688288842679979
6.262255455886058
8.748838293909122
0.5325887916026403
9.133383311733763
6.964730624816453
1.7836155102139264
8.972616930897068
4.7422378983948414
2.2691096316973187
4.574809356739834
4.146168650765503
2.4907849951736907
1.7595071500175425
1.848784121552018
4.511302752519121
2.2973957414436854
0.3250358487887283
2.8553337806076655
1.2802096182591343
3.068553898837404
3.134114481722857
0.3252927481121046
1.3066343732348251
1.367096002664755
2.2152074767827368
7.633991630153628
6.662310381106646
3.6453191972236363
7.0183176513167975
0.2707432263634721
0.5732368228584412
3.8439289252089135
3.9557132756438413
0.1545385775130077
9.570056214479607
-0.8088032164579197
5.285058081407296
-0.3810617992071003
2.1636930550138183
2.190351701482874
2.32840663993188
2.3170397889664507
3.75355098337154
3.954099060405019
4.167490163462375
3.907491376804154
0.48197123985979395
1.072858752575948
1.454751251586248
2.1870979942624205
1.9898782073010315
2.3801848359221265
2.8645555756356185
7.096088201358938
2.187367695019042
2.884791800820527
8.679895974371547
7.847580965182754
-0.02621103251366853
3.1200911771851128
9.428207479365296
10.288540421305372
1.0638186421806168
3.7492318851547264
6.923929207478183
2.1414581618379307
2.4720228373886277
2.066390442149517
9.78457324442814
2.9325542210161806
5.723384505331544
4.463020603776227
1.1467495596901152
1.4184500763452923
0.40452511727775353
2.0044935530464545
6.2842403607071615
8.803212618950633
-2.467844764087798
-0.5355479813712842
2.9503899489322456
0.8110438711766425
-1.0634399827370355
0.31361316641092435
1.8749142862702048
3.924006758263122
